120 0.008403
0.000000 1.890779
0.008403 1.887819
0.016807 1.883236
0.025210 1.877097
0.033613 1.872652
0.042017 1.867660
0.050420 1.861976
0.058824 1.855450
0.067227 1.847910
0.075630 1.839325
0.084034 1.830249
0.092437 1.819639
0.100840 1.806452
0.109244 1.786073
0.117647 1.751837
0.126050 1.712871
0.134454 1.677206
0.142857 1.649937
0.151260 1.621881
0.159664 1.593686
0.168067 1.566005
0.176471 1.545299
0.184874 1.526454
0.193277 1.507784
0.201681 1.489251
0.210084 1.470817
0.218487 1.452441
0.226891 1.432846
0.235294 1.411953
0.243697 1.391189
0.252101 1.370495
0.260504 1.349814
0.268908 1.329087
0.277311 1.315360
0.285714 1.302422
0.294118 1.289693
0.302521 1.276924
0.310924 1.263862
0.319328 1.250256
0.327731 1.235856
0.336134 1.220410
0.344538 1.206801
0.352941 1.194323
0.361345 1.181010
0.369748 1.167067
0.378151 1.152695
0.386555 1.138099
0.394958 1.123480
0.403361 1.109042
0.411765 1.094988
0.420168 1.081521
0.428571 1.068844
0.436975 1.057160
0.445378 1.045802
0.453781 1.034021
0.462185 1.023364
0.470588 1.013657
0.478992 1.004720
0.487395 0.996377
0.495798 0.988450
0.504202 0.980762
0.512605 0.973135
0.521008 0.965393
0.529412 0.955021
0.537815 0.944357
0.546218 0.934848
0.554622 0.925120
0.563025 0.913802
0.571429 0.899522
0.579832 0.886329
0.588235 0.874521
0.596639 0.861663
0.605042 0.847938
0.613445 0.833531
0.621849 0.818627
0.630252 0.803410
0.638655 0.788065
0.647059 0.772777
0.655462 0.757730
0.663866 0.744065
0.672269 0.732474
0.680672 0.721488
0.689076 0.710847
0.697479 0.700293
0.705882 0.689568
0.714286 0.678413
0.722689 0.666570
0.731092 0.653781
0.739496 0.639786
0.747899 0.624328
0.756302 0.607148
0.764706 0.590637
0.773109 0.577046
0.781513 0.562284
0.789916 0.546496
0.798319 0.529831
0.806723 0.512434
0.815126 0.494452
0.823529 0.476033
0.831933 0.457322
0.840336 0.438466
0.848739 0.419613
0.857143 0.400908
0.865546 0.382499
0.873950 0.364532
0.882353 0.347155
0.890756 0.330513
0.899160 0.314753
0.907563 0.300022
0.915966 0.286468
0.924370 0.247340
0.932773 0.202773
0.941176 0.167478
0.949580 0.133736
0.957983 0.109907
0.966386 0.086994
0.974790 0.065047
0.983193 0.045201
0.991597 0.028592
1.000000 0.016356
