0.047715144157410
0.280539469718933
0.372586274147034
0.383732762336731
0.082032656669617
0.065577282905579
0.994969787597656
0.658096780776978
0.741998510360718
0.526578416824341
0.668854284286499
0.139703412055969
0.212316088676453
0.393417725563049
0.994969787597656
0.648425035476685
0.757489919662476
0.190890774726868
0.183722882270813
0.161638560295105
0.509021234512329
0.425371117591858
0.277048993110657
0.264865841865540
0.007455229759216
0.228487277030945
0.155631012916565
0.033261342048645
0.251651692390442
0.241894030570984
0.152716460227966
0.597943887710571
0.350358443260193
0.782649297714233
0.682432870864868
0.319136757850647
0.545633001327515
0.090935873985291
0.580853109359741
0.658259172439575
0.843936100006104
0.363667006492615
0.934631843566895
0.155764136314392
0.158564448356628
0.125489420890808
0.488265314102173
0.222508053779602
0.561483182907105
0.726960287094116
