120 4.899159
6.000000 578.000000
10.899159 577.095032
15.798319 575.694092
20.697479 573.817444
25.596638 572.458496
30.495796 570.932678
35.394958 569.195007
40.294117 567.200195
45.193275 564.895081
50.092434 562.270691
54.991592 559.496338
59.890755 556.252991
64.789917 552.221741
69.689072 545.992004
74.588234 535.526123
79.487389 523.614563
84.386551 512.711975
89.285713 504.376099
94.184868 495.799347
99.084030 487.180481
103.983185 478.718353
108.882347 472.388763
113.781509 466.627838
118.680664 460.920624
123.579826 455.255249
128.478989 449.619904
133.378143 444.002747
138.277298 438.012573
143.176468 431.625549
148.075623 425.278076
152.974777 418.952301
157.873947 412.630280
162.773102 406.294098
167.672256 402.097778
172.571426 398.142609
177.470581 394.251587
182.369736 390.347961
187.268906 386.354980
192.168060 382.195862
197.067215 377.793793
201.966370 373.072021
206.865540 368.911865
211.764694 365.097382
216.663849 361.027893
221.563019 356.765472
226.462173 352.372162
231.361328 347.910034
236.260498 343.441162
241.159653 339.027588
246.058807 334.731354
250.957977 330.614594
255.857132 326.739288
260.756287 323.167511
265.655457 319.695618
270.554596 316.093964
275.453766 312.836426
280.352936 309.868805
285.252075 307.136902
290.151245 304.586456
295.050415 302.163269
299.949554 299.813080
304.848724 297.481659
309.747894 295.114838
314.647034 291.944122
319.546204 288.684326
324.445374 285.777344
329.344513 282.803680
334.243683 279.343872
339.142853 274.978485
344.041992 270.945374
348.941162 267.335968
353.840332 263.405243
358.739471 259.209595
363.638641 254.805511
368.537811 250.249405
373.436951 245.597733
378.336121 240.906921
383.235291 236.233429
388.134430 231.633698
393.033600 227.456314
397.932739 223.913101
402.831909 220.554550
407.731079 217.301682
412.630219 214.075455
417.529388 210.796890
422.428558 207.386963
427.327698 203.766647
432.226868 199.856949
437.126038 195.578857
442.025177 190.853363
446.924347 185.601456
451.823517 180.554138
456.722656 176.399506
461.621826 171.886734
466.520996 167.060654
471.420135 161.966125
476.319305 156.648010
481.218475 151.151138
486.117615 145.520370
491.016785 139.800537
495.915955 134.036514
500.815094 128.273148
505.714264 122.555267
510.613434 116.927734
515.512573 111.435402
520.411743 106.123116
525.310913 101.035728
530.210083 96.218079
535.109192 91.715027
540.008362 87.571426
544.907532 75.610283
549.806702 61.986572
554.705872 51.196880
559.605042 40.882183
564.504150 33.597847
569.403320 26.593451
574.302490 19.884331
579.201660 13.817627
584.100830 8.740476
589.000000 5.000016
